0.175908
0.00335646
0.00361696
0.00420254
0.00334058
0.0137336
0.00472804
0.00470029
0.00432933
0.00497546
0.00452537
0.0047555
0.00451183
0.00418196
0.00530942
0.0043975
0.00456821
0.00449471
0.00453271
0.00504375
0.00544396
0.00520779
0.00504508
0.00521046
0.00497317
0.00518396
0.00553208
0.00499696
0.00488771
0.00579813
0.00602713
0.00794704
0.00692708
0.00565513
0.00515908
0.00533125
0.00709217
0.00410346
0.00552433
0.00455125
0.00428237
0.00579392
0.00447854
0.00461279
0.00464167
0.00625075
0.00463854
0.00429313
0.00533217
0.00658008
0.00287058
0.00304525
0.0029155
0.0152373
0.00631654
0.00379996
0.00388954
0.00429092
0.00464892
0.00519146
0.0041185
0.00393217
0.00478033
0.00591017
0.00431721
0.00416679
0.00419717
0.00479942
0.00479837
0.0046005
0.00460879
0.00465712
0.00358642
0.00440192
0.00460888
0.00513937
0.00446567
0.00415067
0.00428062
0.00461112
0.00482087
0.00451479
0.00461263
0.00468817
0.00453592
0.00374192
0.00539046
0.00226612
0.0014435
0.00187542
0.00141337
0.00210433
0.00159125
0.00202971
0.00152462
0.00149642
0.00082775
0.000971458
0.00067525
0.000660958
0.00060025
0.000559542
0.000636625
0.00060625
0.000774542
0.000569458
0.0006285
0.000576625
0.000672125
0.000685292
0.000577083
