0.536715
0.412774
0.434618
0.534136
0.524559
0.502633
0.454758
0.40918
0.442049
0.510141
0.539419
0.551604
0.423508
0.47516
0.528902
0.528675
0.561473
0.554037
0.5701
0.526306
0.537028
0.530987
0.537496
0.534874
0.555971
0.549211
0.515319
0.50896
0.509845
0.533589
0.494314
0.509353
0.494908
0.49019
0.400527
0.437944
0.431942
0.497576
0.446098
0.417067
0.431315
0.422527
0.504677
0.436693
0.496023
0.499079
0.418586
0.47388
0.416367
0.454163
0.463852
0.420151
0.407498
0.376056
0.414156
0.410518
0.399488
0.408063
0.398142
0.520018
