0.176379
0.102796
0.104951
0.105593
0.0802559
0.0818347
0.111036
0.147519
0.0900337
0.134684
0.0945649
0.0850908
0.0746453
0.0682323
0.071975
0.060058
0.0659398
0.0797237
0.0849092
0.108654
0.133565
0.139366
0.128541
0.113562
0.112507
0.155848
0.114904
0.100288
0.118917
0.108354
0.103192
0.105317
0.0924564
0.0804081
0.0849982
0.0939293
0.108616
0.109938
0.111416
0.113034
0.103921
0.104656
0.106355
0.104588
0.114189
0.0984987
0.0424677
0.051031
0.0396273
0.0576395
0.0481099
0.0647224
0.0793012
0.0812702
0.115153
0.0739535
0.0630227
0.0605086
0.0715755
0.0650189
0.0741677
0.0693542
0.072027
0.067913
0.0726071
0.0695078
0.0705053
0.070562
0.0684055
0.0770509
0.0718439
0.0809034
0.0686387
0.0666515
0.0756079
0.081142
0.0799367
0.0648522
0.0767847
0.0761022
0.0771972
0.0718755
0.0766444
0.0700931
0.0732193
0.079039
0.0785391
0.0781666
0.0686251
0.109126
0.080543
0.0868062
0.0880033
0.0711842
0.073379
0.0703047
0.0745143
0.0985207
0.0715655
0.0761231
0.114703
0.0761246
0.0761724
0.0723315
0.0783991
0.0791052
0.0940719
0.0728371
0.0709468
0.0706504
0.0706052
0.0768987
0.0782646
0.0748762
0.0800447
0.0748133
0.0725843
0.083318
0.0830813
0.0812981
0.0571837
0.0824285
0.0970871
0.100566
0.0911759
0.11822
0.109791
0.0916692
0.102387
0.0996042
0.0945514
0.099138
0.118394
0.103294
0.113273
0.0986867
0.0942818
0.0849549
0.0832395
0.106366
0.107356
0.0943709
0.0984854
0.107702
0.111528
0.101702
0.0950293
0.0897301
0.0979262
0.0905723
0.0985088
0.103007
0.127576
0.107719
0.0881539
0.0892481
0.103554
0.101031
0.0986226
0.135016
0.106646
0.119581
0.109384
0.0887645
0.08794
0.0979017
0.10169
0.103682
0.0969927
0.0948138
0.100525
0.0910643
0.102188
0.105461
0.105053
0.0930511
0.0873942
0.0847682
0.0979566
0.096982
0.0910436
0.104393
0.0957171
0.0969872
0.10116
0.0833522
0.0724885
0.101342
0.055941
0.0577865
0.0753343
0.0854889
0.0701094
0.0919784
0.0682119
0.0578002
0.0708813
0.071254
0.0856733
0.08905
0.0742525
0.0763903
0.0834963
0.0689865
0.068269
0.0768904
0.0712446
0.0713532
0.0671556
0.0969195
0.109238
0.0891511
0.092896
0.0888598
0.0888066
0.108546
0.0983127
0.0899745
0.091212
0.106529
0.0860995
0.0996105
0.100513
0.0717376
0.0771337
0.0793405
0.0823878
0.0804283
0.080984
0.0851385
0.0846222
0.0880381
0.0982557
0.0708596
0.0710878
0.0761651
0.0756481
0.071617
0.0612702
0.0677453
0.0755857
0.0805378
0.0823443
0.0870186
0.0762695
0.0724591
0.0643264
0.0912399
0.0669359
0.0628389
0.0604605
0.0659994
0.0741587
0.0830329
0.088406
0.0904005
0.0984592
0.130175
0.0945477
0.079614
0.0840779
0.0774938
0.0712192
