0.0268418
0.0169966
0.02168
0.0233081
0.0258428
0.0297982
0.0366127
0.0349025
0.035832
0.0415707
0.0444023
0.0367623
0.036222
0.0350963
0.0369379
0.0378244
0.0367333
0.0352391
0.0330175
0.0319981
0.0323383
0.0318915
0.0302921
0.0207845
0.0177661
0.0215028
0.0225155
0.0248425
0.0191005
0.0246406
0.0195398
0.0268407
0.0281202
0.0257054
0.026988
0.026588
0.0268244
0.0260548
0.0252729
0.0248398
0.0253013
0.0256315
0.0260728
0.0251818
0.0256648
0.0236039
0.0252985
0.0242957
0.0240908
0.0260473
0.0240064
0.0254208
0.0235545
0.0243004
0.0259907
0.024935
0.0245343
0.0261824
0.0257894
0.0247344
0.0231537
0.0242787
0.0248654
0.0250466
0.0260217
0.0266871
0.0275068
0.02561
0.0262186
0.0272235
0.0260318
0.0257598
0.0251473
0.02625
0.0263029
0.0258908
0.0265482
0.0239353
0.0259845
0.0256195
0.0231656
0.025818
0.0253107
0.0252088
0.0261284
0.0257974
0.0252834
0.0263368
0.0231705
0.0241449
0.0227435
0.0236944
0.0244926
0.0242129
0.0276505
0.027629
0.0267137
0.0283535
0.0275785
0.0280668
0.0275297
0.0284005
0.0270905
0.029186
0.0286599
0.0285084
0.0282233
0.0281982
0.0276663
0.0270764
0.0275285
0.0290978
0.0297026
0.0277611
0.0293497
0.0283964
0.0312722
0.0265272
0.028317
0.0290978
0.0290062
0.0272595
0.028623
0.0277164
0.027454
0.0286639
0.0291494
0.0285042
0.0319608
0.0300515
0.0263358
0.0288394
0.0298087
0.0286913
0.027913
0.030456
0.0286715
0.0283937
0.0285243
0.0278562
0.0262103
0.0269625
0.0269065
0.0287202
0.0286453
0.0300282
0.0265016
0.0283352
0.0275365
0.0295515
0.029672
0.030052
0.0310953
0.0319544
0.0310995
0.0318107
0.0322294
0.0264469
0.0240513
0.0235945
0.0281321
0.0273531
0.0252732
0.0274598
0.0279965
0.0276883
0.0261267
0.0283677
0.0275656
0.0256889
0.0249215
0.0257326
0.0260757
0.0294384
0.0288432
0.0296502
0.0277601
0.029178
0.0253124
0.0278763
0.03028
0.0277084
0.0275631
0.0264339
0.0286304
0.0293397
0.0294382
0.0299277
0.0282946
0.0290997
0.0284727
0.0276747
0.0290771
0.0278335
0.0285698
0.0278138
0.0293896
0.0273112
0.0275892
0.0312333
0.0268775
0.0271212
0.0277641
0.0291095
0.0198467
0.0238658
0.0205565
0.0251672
0.0231845
0.0226474
0.0198374
0.0175123
0.0165719
0.01237
0.0110634
0.00807892
0.00918675
0.0104853
0.0103108
0.00952592
0.00900283
0.00820367
0.00872233
0.009576
0.00873554
0.00861783
0.00899783
0.0087365
0.00838608
0.00849896
0.00831521
0.00830879
0.00912092
0.00861238
0.00856067
0.00866721
