0.0134654
0.0149357
0.0218184
0.0170433
0.0175584
0.0194132
0.0155423
0.0174129
0.0158718
0.0164581
0.0161315
0.0170479
0.0156317
0.0149539
0.0153795
0.0157037
0.015328
0.0179775
0.0177476
0.0169744
0.0163742
0.0162677
0.0163241
0.0165618
0.0158855
0.0166466
0.0163479
0.0158138
0.0162171
0.0164462
0.0156726
0.0158714
0.016021
0.0153389
0.0157929
0.0152253
0.0145879
0.0134634
0.0129823
0.0134976
0.0119215
0.0113356
0.0107145
0.0107435
0.0106935
0.0100671
0.0123367
0.0141742
0.0141575
0.014246
0.0141908
0.0154787
0.0144307
0.0141035
0.0140837
0.0140904
0.0151605
0.0129879
0.012816
0.0145462
0.014628
0.014939
0.0145184
0.0153408
0.0154301
0.0149381
0.0137111
0.0134677
0.0142938
0.0134282
0.0138405
0.015171
0.0154331
0.0156257
0.015366
0.015296
0.0155193
0.0146125
0.0155115
0.0150238
0.0145026
0.0129695
0.0125693
0.0114639
0.011275
0.010714
0.0122794
0.0131591
0.014098
0.0132183
0.0133663
0.0145933
0.0121646
0.0118922
0.0129404
0.0194059
0.0153633
0.0134401
0.0126865
0.0150183
0.0168208
0.0163484
0.0144894
0.0133134
0.013224
0.0138799
0.0156838
0.0169006
0.0159217
0.016706
0.0176697
0.0161943
0.0170878
0.0160557
0.0165688
0.0167326
0.0158005
0.0153717
0.0156342
0.015401
0.0154052
0.0159398
0.0152117
0.0155941
0.0163367
0.0150767
0.0155222
0.0157748
0.0152375
0.0151155
0.0164734
0.0150341
0.0153029
0.0162191
0.0159108
0.0160888
0.016174
0.0157046
0.0166183
0.0160624
0.0158843
0.0165306
0.016126
0.0159806
0.0162229
0.0162803
0.0157949
0.0153378
0.0156697
0.0152723
0.0155018
0.0153318
0.0153651
0.015814
0.0155362
0.0154213
0.0162072
0.0156256
0.0156466
0.0158742
0.0172819
0.0164569
0.016237
0.0158015
0.0157677
0.0154374
0.0155354
0.0154792
0.0158569
0.0155607
0.0155293
0.015683
0.0156374
0.0154487
0.0155974
0.0160393
0.0154177
0.015692
0.0160065
0.0153372
0.0155119
0.0154633
0.0153813
0.0158809
0.0154926
0.015421
0.0156604
0.0153456
0.0154111
0.0158985
0.0155351
0.0155128
0.0156327
0.0155095
0.0154093
0.0158724
0.0154572
0.0153227
0.0158701
0.015442
0.0154641
0.0170126
0.015692
0.0156751
0.0157665
0.0155474
0.0154643
0.0158364
0.0155434
0.0153697
0.0156159
0.0155092
0.0152228
0.0157978
0.015439
0.0158867
0.0156587
0.0153746
0.0154836
0.0155508
0.015419
0.0154887
0.0156216
0.0165554
0.0155444
0.0157683
0.0154571
0.0152998
0.0158293
0.0154572
0.015539
0.0154466
0.0154652
0.0156875
0.0156974
0.0154665
0.0157803
0.0157889
0.0155606
0.0156203
0.0158128
0.0155082
0.0155157
0.015624
0.0154969
0.0157803
0.0156257
0.0153418
0.0156134
0.0156748
0.0156897
0.0159124
0.015482
0.0154813
0.0155735
0.015763
0.0152828
0.0147137
0.0149317
0.0134716
0.0128613
0.0122428
0.0115145
0.0109078
0.0112751
0.0135346
0.0153508
0.0136623
0.0114717
0.010504
0.0104211
0.0108113
0.0101755
0.0101935
0.0101225
0.0104005
0.0102196
0.0105941
0.0113001
0.0108835
0.0108024
0.0110016
0.0116608
0.0118346
0.011363
0.0117177
0.0120843
0.0122973
0.0135203
0.0143095
0.0147924
0.0154033
0.0156662
0.0158248
0.0196118
0.0155498
0.016091
0.0160141
0.0161347
0.0155913
0.0173031
0.0148991
0.0131429
0.012505
0.0108546
0.0108801
0.0112082
0.0113375
0.0112826
0.011706
0.0113617
0.0115521
0.0109732
0.0109185
0.0104559
0.0110049
0.0136318
0.0146426
0.0148436
0.0150061
0.01459
0.0146933
0.0142778
0.0143208
0.0133875
0.0113653
0.011671
0.0113418
0.0108481
0.0114861
0.0128848
0.0133293
0.0124816
0.0121588
0.0119219
0.0111341
0.0107165
0.0119989
0.0116583
0.0112611
0.0114973
0.0123219
0.013275
0.0136843
0.0135733
0.0135923
0.0138207
0.0138956
0.013967
0.0143065
0.0137618
0.0150813
0.014844
0.0140593
0.0134498
0.0139878
0.0140526
0.0140877
0.0139414
0.0142195
0.014136
0.014259
0.014408
0.0140194
0.0149203
0.0144366
0.013679
0.0148302
0.014003
0.0133925
0.0135758
0.0138767
0.0138399
0.0130167
0.0124187
0.0131367
0.0141188
0.0142682
0.0145898
0.0147443
0.0150892
0.0142594
0.014406
0.0154177
0.0142326
0.013409
0.014222
0.0139766
0.0135976
0.0152552
0.0158972
0.0164631
0.0156578
0.016187
0.016066
0.0158751
0.0145745
0.0140018
0.013719
0.0121806
0.0125984
0.0137339
0.0137994
0.0160825
0.0156143
0.0158273
0.0160659
0.0152195
0.0165849
0.0164195
0.0157642
0.0159375
0.0160006
0.0158311
0.0157984
0.015893
0.0153788
0.0146781
0.0150985
0.0153145
0.01547
0.0162379
0.0153585
0.0155149
0.0155615
0.0155633
0.0158303
0.0157895
0.0157059
0.0155147
0.0155328
0.0153661
0.0157098
0.0155809
0.0155193
0.0156966
0.0155654
0.0154775
0.0156277
0.0155163
0.0155993
0.015529
0.0156147
0.0153541
0.0157018
0.0153079
0.0157882
0.0158151
0.0155738
0.0155799
0.016116
0.0158396
0.0161073
0.0163688
0.0158272
0.0161385
0.016186
0.015789
0.0155283
0.0156817
0.0154879
0.0159761
0.0158818
0.0151938
0.0154705
0.0155435
0.015328
0.0155936
0.0155565
0.0153007
0.0158066
0.0157527
0.0155129
0.0156504
0.0158521
0.013703
0.0132923
0.0135869
0.014412
0.0156666
0.0142392
0.0148283
0.0154812
0.0163436
0.0151158
0.015317
0.0134187
0.0145606
0.0158673
0.0139804
0.012676
0.0152479
0.0160722
0.012941
0.015256
0.0161698
0.0159285
0.0162127
0.0163935
0.0161336
0.0163077
0.0175875
0.0161497
0.014674
0.0159735
0.0154145
0.0143716
0.0160921
0.0152655
0.0145674
0.0159658
0.0152142
0.0162101
0.0163667
0.0161063
0.0162343
0.0162433
0.0164632
0.0164728
0.0160539
0.0165015
0.0165385
0.0159887
0.0164306
0.016447
0.0162771
0.0159374
0.0160542
0.0157478
0.0156374
0.0159572
0.0155178
0.0158099
0.0160524
0.0157228
0.0155935
0.0159322
0.0155408
0.0158333
0.0159494
0.0162609
0.0158497
0.0160347
0.0154935
0.0157657
0.0161699
0.0160637
0.0156426
0.016162
0.0155842
0.0159812
0.0165043
0.0162128
0.0156206
0.0161022
0.016966
0.016471
0.015865
0.0156182
0.0155848
0.0165883
0.0156664
0.0157472
0.0157576
0.0158612
0.0155409
0.0159186
0.0155968
0.0155449
0.0160248
0.015784
0.0156165
0.0157279
0.015973
0.0157018
0.0161146
0.0157995
0.0157088
0.0161064
0.0158763
0.0157784
0.0158648
0.0158129
0.0155122
0.015769
0.0165155
0.0154408
0.0158656
0.0157258
0.0141937
0.0133623
0.0127874
0.0124452
0.012544
0.0121563
0.0119765
0.0112048
0.0110314
0.0108382
0.0117622
0.0121461
0.012615
0.0126372
0.012388
0.0123681
0.0126622
0.0122851
0.012489
0.012406
0.0123666
0.012317
0.0122972
0.0124161
0.0127538
0.0125322
0.0126336
0.0126207
0.0129134
0.0125796
0.0137354
0.0135528
0.0137625
0.0136392
0.0138153
0.0149206
0.0146668
0.0157802
0.015951
0.0154874
0.0147959
0.0142802
0.0161583
0.0159504
0.0160879
0.0160841
0.0161234
0.0160468
0.0160738
0.0166223
0.0162814
0.0160649
0.0161434
0.0152511
0.0154044
0.0154507
0.0149799
0.0163565
0.0162306
0.0162543
0.0165742
0.0163017
0.0172065
0.0173454
0.01672
0.0163712
0.0161036
0.0167588
0.016558
0.0164391
0.0163493
0.0167735
0.0154033
0.0160527
0.0161209
0.0153953
0.0160312
0.0174874
0.0154422
0.0161597
0.0164373
0.0157371
0.0163971
0.0162371
0.0156904
0.0168199
0.016436
0.0156184
0.0165162
0.0162328
0.0160906
0.0163811
0.0167099
0.0161922
0.016565
0.0165348
0.0160961
0.0163422
0.0162879
0.0158222
0.0166207
0.0176012
0.0156645
0.016553
0.016563
0.0156601
0.0167101
0.0166885
0.0154973
0.0170741
0.0160978
0.015792
0.0157171
0.0164299
0.0157297
0.0167746
0.0166248
0.0154975
0.0158687
0.0163334
0.0155954
0.0165909
0.0161934
0.0159811
0.016161
0.0163102
0.0157495
0.0145555
0.0158303
0.0163869
0.0163084
0.0159797
0.0153983
0.0173712
0.016863
0.0157057
0.0162777
0.017386
0.0164573
0.0162733
0.0180035
0.0172848
0.0173783
0.017365
0.01709
0.0170803
0.0175478
0.0171402
0.0174072
0.0178166
0.0179906
0.0171512
0.0165887
0.0163459
0.0163511
0.0163725
0.016362
0.017344
0.0169513
0.0166882
0.01632
0.0171588
0.016872
0.0172003
0.0157306
0.0163535
0.0160605
0.0157675
0.0157907
0.0155489
0.0157427
0.0157005
0.015384
0.0154408
0.0161146
0.0159918
0.0159161
0.0159507
0.015984
0.0156855
0.0159765
0.0165249
0.0158982
0.0160909
0.0158525
0.0161909
0.0160107
0.0157515
0.01555
0.0152906
0.0154204
0.0153768
0.0154535
0.0153798
0.0155022
0.0154918
0.0156257
0.0161573
0.0155641
0.0152835
0.0157753
0.0160325
0.0156155
0.0157167
0.0153492
0.0155545
0.0155461
0.0154853
0.015612
0.0155805
0.015476
0.0167444
0.0162184
0.0156075
0.016753
0.0156855
0.0154712
0.015585
0.0156421
0.0153703
0.0155095
0.0155236
0.0154859
0.0155593
0.0153909
0.0153687
0.0157041
0.0155858
0.015563
0.0156021
0.0158687
0.0153595
0.0156477
0.0157983
0.0154018
0.015676
0.015667
0.0153733
0.0164752
0.0155852
0.0152403
0.0157536
0.0155752
0.0155681
0.0156209
0.0156601
0.015478
0.0155792
0.0154852
0.0153503
0.0154661
0.0153695
0.0153677
0.0156265
0.015319
0.015532
0.0160577
0.0156427
0.0156833
0.0155688
0.015566
0.0154086
0.0154651
0.0152221
0.0157212
0.0156226
0.0153222
0.0155604
0.0155364
0.0153143
0.0153799
0.0155274
0.0152867
0.0156408
0.0155296
0.0151051
0.015562
0.0159407
0.0151627
0.0157861
0.0155194
0.015231
0.0155147
0.0155253
0.0151632
0.0153584
0.0154637
0.0152273
0.0154837
0.0156758
0.0154892
0.0155169
0.0155582
0.0153286
0.0154862
0.0154126
0.0152254
0.0155762
0.0153255
0.0153031
0.0156552
0.0154341
0.0152899
0.015724
0.0152593
0.0152026
0.0155518
0.015417
0.015124
0.0159253
0.0156389
0.0155218
0.0155405
0.0155855
0.0156493
0.0155302
0.0153467
0.015333
0.0158508
0.0156613
0.0155851
0.0156224
0.0155122
0.0154655
0.0158255
0.0156028
0.0156328
0.0157867
0.0155457
0.0154015
0.015775
0.0155804
0.0157503
0.0158345
0.0154526
0.0155917
0.0158065
0.0155326
0.0155859
0.0159805
0.0155209
0.0155174
0.0157608
0.0155969
0.0147815
0.0121499
0.0120523
0.0111239
0.0110214
0.0102366
0.0107844
0.00979042
0.00952317
0.00888025
0.00763187
0.00726654
0.00731187
0.00583171
0.00873142
0.00922404
0.00856625
0.00835142
0.00836192
