427
485
487
489
490
489
488
486
492
488
487
493
490
487
491
488
491
486
489
490
489
486
488
488
492
487
494
491
489
493
487
490
493
487
488
494
496
489
492
491
492
490
492
489
490
492
491
489
491
492
491
491
491
494
490
493
494
489
493
489
491
493
495
488
490
496
493
490
490
490
484
475
462
452
451
455
466
475
470
466
467
449
443
434
440
444
451
454
449
456
464
463
445
437
441
457
472
491
484
466
473
479
494
487
494
491
484
487
484
487
484
487
485
485
489
487
492
487
486
490
485
487
487
490
488
489
489
484
488
486
485
483
491
493
486
485
490
364
