0.269401
0.209872
0.176546
0.306211
0.323996
0.293834
0.285149
0.300993
0.294544
0.291174
0.285508
0.299849
0.296171
0.299043
0.291776
0.304411
0.311817
0.304103
0.302471
0.299904
0.298271
0.30575
0.305273
0.279696
0.314799
0.291623
0.284762
0.307755
0.296392
0.306347
0.29402
0.308616
0.293262
0.311019
0.27568
0.321858
0.295531
0.285251
0.287401
0.305876
0.291089
0.304054
0.27445
0.27356
0.322104
0.301793
0.301465
0.300433
0.297461
0.307615
0.298469
0.328779
0.327933
0.314446
0.314498
0.325907
0.320468
0.347151
0.339832
0.333918
0.312777
0.314432
0.331333
0.330052
0.323755
0.325411
0.317082
0.321158
0.331721
0.318633
0.319698
0.328911
0.340119
0.3372
0.347043
0.295836
0.331287
0.340757
0.314592
0.333177
0.290691
0.289953
0.289429
0.136002
0.0332972
0.0117781
0.0151267
0.0167781
0.0157793
0.0219636
0.022098
0.0179881
0.0191237
0.0264092
0.0231995
0.0235955
0.0307286
0.0203646
0.0235395
