0.181886
0.191587
0.136917
0.128153
0.110972
0.114518
0.159756
0.183702
0.180061
0.201309
0.217775
0.188056
0.209033
0.204098
0.274546
0.272694
0.218155
0.160816
0.176744
0.184222
0.182355
0.179941
0.155132
0.166053
0.149244
0.161043
0.116388
0.148137
0.193869
0.140497
0.159318
0.145008
0.159887
0.158396
0.164501
0.147426
0.166765
0.151415
0.179187
0.136684
0.154498
0.150329
0.143749
0.169165
0.155494
0.145816
0.161068
0.152095
0.147499
0.137121
0.143978
0.141718
0.142148
0.154083
0.182147
0.154945
0.155156
0.155555
0.17132
0.153066
0.156486
0.157203
0.154896
0.180142
0.176284
0.163584
0.154695
0.155438
0.158926
0.159933
0.15789
0.154695
0.157357
0.173158
0.151954
0.157073
0.151884
0.152216
0.152627
0.161881
0.155889
0.156255
0.155586
0.154828
0.167256
0.156844
0.129443
0.130585
0.125037
0.139879
0.17456
0.14159
0.139684
0.16737
0.160158
0.161049
0.152443
0.143504
0.15587
0.152722
0.152722
0.14011
0.150257
0.124646
0.120114
0.135472
0.150011
0.128315
0.132761
0.140591
0.134082
0.12707
0.154063
0.143949
0.192989
0.211442
0.21193
0.249973
0.227146
0.203762
0.243637
0.189257
0.222692
0.187571
0.202633
0.189255
0.191384
0.195278
0.225029
0.197243
0.200673
0.168822
0.155623
0.167863
0.165344
0.164196
0.177632
0.15804
0.181767
0.147887
0.149618
0.142272
0.146013
0.156234
0.153101
0.167228
0.156687
0.148076
0.160959
0.155459
0.135453
0.14468
0.171387
0.19328
0.162083
0.125568
