0.277924
0.249825
0.254988
0.269385
0.516794
0.410263
0.49592
0.367454
0.332461
0.395632
0.283114
0.326245
0.234828
0.276695
0.41357
0.343384
0.263102
0.305393
0.461486
0.232488
0.272182
0.252724
0.239294
0.254408
0.299105
0.286072
0.248542
0.284077
0.273631
0.25291
0.305333
0.293673
0.267347
0.232957
0.259433
0.271991
0.2894
0.226929
0.286359
0.297804
0.282384
0.419993
0.222268
0.235545
0.232223
0.223506
0.401323
0.233863
0.295518
0.237586
0.25346
0.310601
0.287638
0.297157
0.247909
0.29684
0.327894
0.195064
0.241418
0.247524
0.206044
0.282649
0.304997
0.237331
0.347812
0.290909
0.256788
0.217457
0.238061
0.323921
0.275933
0.405562
0.317918
0.307704
0.214536
0.251428
0.168849
0.198655
0.200042
0.235216
0.154649
0.319332
0.237608
0.291764
0.20514
0.26008
0.247006
0.400279
0.258253
0.234747
0.270498
0.231561
0.305891
0.385468
0.235692
0.195086
0.310456
0.355353
0.250886
0.258644
0.388517
0.295254
0.310038
0.332079
0.428893
0.251219
0.271908
0.255247
0.559611
0.359296
0.32253
0.285764
0.299402
0.465368
0.395544
0.378737
0.449445
0.404563
0.370298
0.411466
0.391875
0.315649
0.408088
0.462177
0.36287
0.410138
0.463646
0.498015
0.682288
0.593003
0.4243
0.369164
0.495822
0.355762
0.348751
0.415436
0.55145
0.141244
0.10501
0.232722
0.318026
0.403894
0.422183
0.118437
