0.053925
0.019882
0.028833
0.031815
0.033024
0.032176
0.031808
0.034607
0.033466
0.030987
0.032072
0.035569
0.032221
0.032548
0.032878
0.033231
0.031588
0.033603
0.031469
0.033475
0.032940
0.033660
0.032321
0.033576
0.031978
0.032827
0.032725
0.034131
0.031955
0.031838
0.033725
0.033274
0.032511
0.032469
0.032465
0.034515
0.032288
0.032022
0.033039
0.032803
0.038388
0.028098
0.031070
0.034392
0.033339
0.032234
0.032223
0.034183
0.033041
0.032065
0.032777
0.033291
0.033319
0.031690
0.030731
0.034427
0.032720
0.031633
0.033188
0.038831
0.027034
0.032602
0.030873
0.035225
0.031596
0.033337
0.032782
0.033395
0.033086
0.033173
0.034594
0.029817
0.033945
0.031865
0.033778
0.035170
0.029705
0.033307
0.031759
0.033952
0.032294
0.033126
0.032893
0.033758
0.032117
0.032504
0.032323
0.033133
0.030165
0.033583
0.032481
0.033560
0.032826
0.033361
0.031893
0.032234
0.035117
0.030672
0.034328
0.033279
0.031636
0.032013
0.031911
0.033577
0.034983
0.029513
0.035038
0.032451
0.030980
0.033591
0.032923
0.032871
0.032578
0.032745
0.032895
0.033519
0.033227
0.031224
0.033786
0.033452
0.032507
0.031208
0.031756
0.033203
0.033391
0.032239
0.032153
0.033094
0.033076
0.032991
0.032382
0.034284
0.030963
0.033426
0.032604
0.033647
0.031234
0.031073
0.033904
0.034247
0.030978
0.033475
0.032046
0.034060
0.034007
0.030818
0.035101
0.033179
0.030244
0.033241
0.035538
0.027620
0.033104
0.031865
0.033947
0.033220
0.032644
0.031893
0.033135
0.034275
0.032018
0.031388
0.032585
0.033421
0.032204
0.032849
0.032925
0.033169
0.032561
0.032875
0.033185
0.033406
0.031772
0.033238
0.033453
0.032059
0.032984
0.032389
0.033439
0.032367
0.032185
0.032925
0.033077
0.033468
0.032848
0.033992
0.033569
0.032668
0.031760
0.033218
0.032389
0.033607
0.032930
0.032251
0.032658
0.033161
0.032164
0.033092
0.032483
0.033803
0.031852
0.032951
0.033631
0.032729
0.032338
0.033061
0.032908
0.032773
0.032642
0.032621
0.033274
0.033649
0.030329
0.034970
0.032436
0.033414
0.032744
0.032758
0.031879
0.035202
0.028435
0.032856
0.033114
0.033512
0.031726
0.033084
0.034127
0.031897
0.031663
0.034061
0.033406
0.032539
0.032036
0.032645
0.033023
0.032864
0.031066
0.034118
0.032747
0.033536
0.032287
0.032442
0.033175
0.033578
0.031202
0.032706
0.031850
0.034573
0.031165
0.032356
0.031406
0.033872
0.031890
0.033232
0.032793
0.032800
0.033526
0.032066
0.032862
0.032357
0.032822
0.030499
0.035011
0.033901
0.031341
0.033375
0.032868
0.032652
0.031683
0.033683
0.031209
0.033423
0.032393
0.032732
0.033175
0.033395
0.032037
0.033132
0.032630
0.033298
0.032257
0.033029
0.032520
0.032489
0.031597
0.032829
0.033313
0.033350
0.034226
0.032037
0.033347
0.033443
0.032909
0.031421
0.033011
0.033365
0.029813
0.034888
0.033367
0.032064
0.032752
0.033073
0.034193
0.032206
0.032115
0.033663
0.033342
0.033428
0.032149
0.032401
0.033487
0.033325
0.031290
0.032192
0.034610
0.031587
0.033525
0.038410
0.023701
0.034069
0.029706
0.033380
0.031536
0.041563
0.027707
0.030721
0.032238
0.033835
0.032361
0.031617
0.034643
0.030457
0.031181
0.033832
0.031913
0.033902
0.033882
0.030380
0.033646
0.033035
0.032145
0.033299
0.032120
0.032996
0.032120
0.033742
0.033443
0.033978
0.032708
0.031117
0.032440
0.032421
0.033772
0.032567
0.033772
0.031996
0.032700
0.032903
0.033257
0.032888
0.029612
0.032303
0.032905
0.032217
0.033113
0.032941
0.030901
0.032985
0.034509
0.032737
0.033493
0.032584
0.032608
0.032539
0.033087
0.033055
0.032193
0.032883
0.034437
0.033459
0.032076
0.032869
0.033360
0.032603
0.032899
0.032797
0.032928
0.034058
0.030639
0.032334
0.034121
0.033605
0.034303
0.033525
0.032622
0.033458
0.030024
0.033189
0.033532
0.033230
0.032251
0.031765
0.034413
0.032827
0.033288
0.033224
0.031822
0.032854
0.032379
0.032804
0.034168
0.032329
0.033021
0.031279
0.033935
0.033148
0.033253
0.031011
0.034171
0.034184
0.031496
0.031391
0.033418
0.032804
0.030694
0.033507
0.031390
0.034859
0.031882
0.032270
0.033146
0.033476
0.032633
0.032501
0.033329
0.034082
0.031532
0.032588
0.033549
0.032556
0.033360
0.031806
0.035049
0.031909
0.033410
0.031583
0.032919
0.033433
0.032882
0.030556
0.033133
0.032018
0.032559
0.033582
0.033758
0.031599
0.033034
0.033282
0.033238
0.031856
0.033860
0.031855
0.032783
0.033334
0.030622
0.032944
0.034504
0.031599
0.033402
0.032583
0.033450
0.033299
0.031617
0.033589
0.031992
0.033229
0.032280
0.033048
0.033980
0.031667
0.033326
0.031809
0.032854
0.032827
0.031324
0.033453
0.032023
0.033218
0.033297
0.032398
0.033185
0.033277
0.032287
0.032381
0.033036
0.033257
0.032023
0.032881
0.033038
0.033226
0.033000
0.032237
0.033334
0.033708
0.032462
0.032543
0.032362
0.033463
0.032256
0.033426
0.033404
0.033706
0.032658
0.034035
0.032255
0.031710
0.033405
0.031214
0.033053
0.033500
0.033197
0.031679
0.033819
0.033323
0.034124
0.031116
0.034261
0.027681
0.032706
0.032459
0.034344
0.031655
0.032936
0.032350
0.033585
0.034467
0.032293
0.031217
0.033655
0.033271
0.032678
0.031964
0.033687
0.033215
0.031876
0.032855
0.031012
0.034274
0.033402
0.032857
0.032687
0.032111
0.032136
0.032258
0.034242
0.032370
0.032275
0.032918
0.032358
0.032953
0.031380
0.033103
0.033113
0.032384
0.030479
0.032340
0.033092
0.034506
0.032286
0.033810
0.033479
0.033474
0.032724
0.032960
0.028709
0.032604
0.033747
0.032415
0.033802
0.034317
0.032928
0.031999
0.031366
0.033484
0.032507
0.032389
0.033272
0.032685
0.033862
0.032154
0.033718
0.032757
0.033408
0.031113
0.034196
0.033339
0.030951
0.033810
0.032392
0.032664
0.032367
0.033742
0.032476
0.032373
0.032739
0.033279
0.033094
0.032898
0.032177
0.033070
0.032804
0.033156
0.032799
0.033255
0.032962
0.031869
0.031834
0.032272
0.033178
0.032646
0.033461
0.032313
0.033213
0.032599
0.032550
0.033263
0.033179
0.031607
0.032761
0.034097
0.031728
0.033355
0.032316
0.033368
0.032830
0.032816
0.030628
0.034896
0.032983
0.032862
0.032323
0.033739
0.032253
0.032726
0.032706
0.032943
0.033194
0.033254
0.031801
0.033747
0.032418
0.033904
0.032575
0.032960
0.032025
0.033703
0.031692
0.033340
0.032883
0.033306
0.031856
0.033484
0.032846
0.033351
0.032379
0.037545
0.031295
0.035053
0.026440
0.032842
0.033155
0.032423
0.032830
0.032429
0.033909
0.031821
0.031874
0.033103
0.032642
0.032362
0.032474
0.033525
0.032362
0.032732
0.033837
0.033134
0.032163
0.033342
0.031176
0.032654
0.034818
0.031365
0.032254
0.033311
0.033070
0.033998
0.030776
0.033094
0.034427
0.032418
0.031552
0.032913
0.033531
0.032150
0.032722
0.034033
0.031998
0.032118
0.031416
0.034722
0.033036
0.032019
0.032501
0.033006
0.032127
0.032773
0.032285
0.032904
0.033480
0.033750
0.032760
0.032973
0.032934
0.032392
0.033119
0.031252
0.030616
0.034634
0.032961
0.032851
0.033280
0.032298
0.032780
0.032873
0.033527
0.032373
0.032446
0.033044
0.035100
0.032274
0.031413
0.033440
0.033035
0.032187
0.033084
0.034267
0.030183
0.032148
0.032702
0.032815
0.033666
0.031643
0.032538
0.032809
0.033414
0.032651
0.030747
0.034857
0.034967
0.030419
0.033217
0.032944
0.031092
0.032213
0.036355
0.037032
0.025378
0.032650
0.032733
0.033422
0.035013
0.029280
0.030596
0.033598
0.026422
0.030684
0.031903
0.032016
0.032601
0.032477
0.033003
0.032625
0.033409
0.032002
0.033018
0.033317
0.031425
0.033730
0.035151
0.031422
0.032703
0.032402
0.033797
0.038938
0.027661
0.035512
0.019092
0.031206
0.031752
0.032048
0.030557
0.040422
0.023696
0.033567
0.041126
0.025061
0.031712
0.031979
0.032137
0.032388
